#
# Coupling Constants 3J(HH), 3J(CP) and 3J(HP)
#
    27      9      7     25    2.600    0.400
    62     44     42     60    0.700    0.400
    93     78     76     91    0.400    0.400
   126    109    107    124    0.400    0.400
   160    142    140    158    0.700    0.400
   191    176    174    189    7.300    0.400
   222    207    205    220    7.300    0.400
   252    237    235    250    7.700    0.400
   285    267    265    283    8.800    0.400
   316    301    299    314    0.700    0.400
   347    332    330    345    1.100    0.400
   380    362    360    378    0.400    0.400
   411    396    394    409    0.400    0.400
   443    427    425    441    2.200    0.400
    25      7      5     24    7.000    0.700
    60     42     40     59    3.700    2.200
    91     76     74     90    1.800    1.800
   124    107    105    123    4.000    0.400
   158    140    138    157    5.100    0.400
   189    174    172    188    4.400    0.400
   220    205    203    219    4.000    0.400
   250    235    233    249    4.000    0.400
   283    265    263    282    3.300    0.400
   314    299    297    313    5.100    2.700
   345    330    328    344    2.900    0.400
   378    360    358    377    10.300   0.400
   409    394    392    408    4.000    0.400
   441    425    423    439    5.500    0.400
    59     40     38     58    1.800    0.400
    90     74     72     89    9.900    0.400
   123    105    103    122    11.000   0.400
   157    138    136    156    8.800    0.400
   188    172    170    187    1.800    0.400
   219    203    201    218    0.700    0.400
   249    233    231    248    0.700    0.400
   282    263    261    281    1.100    0.400
   313    297    295    312    7.300    0.400
   344    328    326    343    9.900    0.400
   408    392    390    407    10.300   0.400
   439    423    421    438    5.900    0.400
    89     72     71     87    1.100    0.400
   156    136    135    154    1.500    0.400
   187    170    169    185    2.600    0.400
   218    201    200    216    1.800    0.400
   248    231    230    246    0.900    0.200
   281    261    260    279    4.000    3.700
   343    326    325    341    1.500    0.400
   407    390    389    405    1.100    0.400
    89     72     71     88    0.700    0.400
   156    136    135    155    0.200    0.400
   248    231    230    247    0.500    0.200
   281    261    260    280    7.700    0.400
   343    326    325    342    1.500    0.400
   407    390    389    406    0.400    0.400
#
   205    203    204    226    2.300    0.000
   235    233    234    256    4.900    0.100
   265    263    264    290    1.700    0.000
   299    297    298    321    5.100    0.100
     3      5      6     33    7.000    0.100
    38     40     41     67    8.500    0.100
    72     74     75     98    9.400    0.100
   103    105    106    131    6.600    0.100
   136    138    139    165    5.800    0.100
   170    172    173    196    7.900    0.100
   201    203    204    226    3.800    0.100
   231    233    234    256    1.600    0.000
   261    263    264    290    5.200    0.100
   295    297    298    321    8.200    0.100
   326    328    329    351    9.300    0.100
   356    358    359    385    11.500   0.100
   390    392    393    416    9.900    0.100
    38     37     36     33    9.000    0.100
    72     71     70     67    9.800    0.100
   103    102    101     98    6.700    0.100
   136    135    134    131    9.900    0.100
   170    169    168    165    7.500    0.100
   201    200    199    196    6.800    0.100
   231    230    229    226    8.300    0.100
   261    260    259    256    5.800    0.100
   295    294    293    290    3.400    0.000
   326    325    324    321    8.400    0.100
   356    355    354    351    10.600   0.100
   390    389    388    385    7.500    0.100
   421    420    419    416    9.500    0.100
#
    24      5      6     33    2.800    1.000
    59     40     41     67    4.300    1.000
    90     74     75     98    7.400    1.000
   123    105    106    131    8.500    1.000
   157    138    139    165    7.400    1.000
   188    172    173    196    6.600    1.000
   219    203    204    226    8.300    1.000
   249    233    234    256    8.100    1.000
   282    263    264    290    6.800    1.000
   313    297    298    321    7.500    1.000
   344    328    329    351    6.600    1.000
   377    358    359    385    7.800    1.000
   408    392    393    416    7.500    1.000
    56     37     36     33    4.000    1.000
    87     71     70     67    3.900    1.000
   154    135    134    131    4.100    1.000
   185    169    168    165    5.500    1.000
   216    200    199    196    5.500    1.000
   246    230    229    226    1.300    1.000
   279    260    259    256    5.900    1.000
   310    294    293    290    8.700    1.000
   341    325    324    321    4.400    1.000
   405    389    388    385    3.500    1.000
   436    420    419    416    2.400    1.000
    57     37     36     33    3.800    1.000
    88     71     70     67    2.700    1.000
   155    135    134    131    1.900    1.000
   186    169    168    165    1.300    1.000
   217    200    199    196    3.300    1.000
   247    230    229    226    6.000    1.000
   280    260    259    256    7.200    1.000
   311    294    293    290    7.900    1.000
   342    325    324    321    3.500    1.000
   406    389    388    385    0.100    1.000
   437    420    419    416    2.300    1.000
# NOE distance restraints
#
#
# intra residue
#
    27     28    3.270    1.340    1.340
    25     27    2.340    0.680    0.680
    25     28    2.810    0.980    0.980
    24     27    3.670    1.680    1.680
    24     25    2.480    0.770    0.770
    24     28    3.250    1.320    1.320
    23     27    3.010    1.130    1.130
    23     25    3.470    1.500    1.500
    23     28    4.170    2.180    2.180
    21     27    3.470    1.500    1.500
    21     28    3.380    1.430    1.430
    22     28    2.990    1.110    1.110
    62     63    3.960    1.960    1.960
    60     62    2.650    0.880    0.880
    58     63    3.040    1.150    1.150
    56     63    3.380    1.430    1.430
    57     63    2.930    1.070    1.070
    93     97    2.960    1.090    1.090
    91     93    2.490    0.770    0.770
    91     96    3.560    1.580    1.580
    90     93    3.060    1.170    1.170
    89     93    3.050    1.160    1.160
    89     97    3.330    1.390    1.390
    88     93    4.280    2.290    2.220
    88     97    3.290    1.360    1.360
   126    127    3.380    1.430    1.430
   124    126    2.460    0.760    0.760
   124    127    3.030    1.140    1.140
   123    126    3.730    1.740    1.740
   123    127    2.870    1.030    1.030
   120    126    3.060    1.170    1.170
   121    126    5.020    3.150    1.480
   121    127    3.050    1.160    1.160
   160    161    3.170    1.250    1.250
   158    160    2.580    0.830    0.830
   157    160    3.560    1.580    1.580
   156    160    3.160    1.250    1.250
   156    161    3.480    1.510    1.510
   191    195    3.300    1.360    1.360
   189    194    4.000    2.000    2.000
   189    195    2.100    0.550    0.550
   188    195    4.150    2.150    2.150
   187    191    3.090    1.190    1.190
   185    195    3.520    1.550    1.550
   186    188    2.500    0.780    0.780
   186    195    3.380    1.430    1.430
   222    225    3.490    1.520    1.520
   220    224    4.460    2.480    2.040
   220    225    2.370    0.700    0.700
   219    222    3.900    1.900    1.900
   219    225    3.830    1.830    1.830
   218    222    2.910    1.060    1.060
   218    225    3.750    1.750    1.750
   216    222    4.380    2.400    2.120
   216    225    3.120    1.220    1.220
   217    225    3.280    1.340    1.340
   252    255    3.690    1.700    1.700
   250    255    2.490    0.780    0.780
   249    252    3.370    1.420    1.420
   249    255    3.960    1.960    1.960
   248    252    3.250    1.320    1.320
   248    255    3.640    1.650    1.650
   246    255    3.080    1.180    1.180
   247    255    3.670    1.680    1.680
   285    286    3.530    1.550    1.550
   283    286    2.200    0.610    0.610
   282    285    3.660    1.670    1.670
   282    283    2.400    0.720    0.720
   282    286    3.940    1.940    1.940
   281    285    2.940    1.080    1.080
   281    282    2.710    0.920    0.920
   279    285    4.300    2.310    2.200
   279    283    3.450    1.480    1.480
   279    282    2.940    1.080    1.080
   279    286    4.020    2.020    2.020
   280    285    4.080    2.080    2.080
   280    282    2.610    0.850    0.850
   280    286    3.590    1.610    1.610
   316    320    3.530    1.560    1.560
   314    316    2.810    0.990    0.990
   313    316    3.650    1.660    1.660
   313    320    2.890    1.040    1.040
   312    316    3.560    1.590    1.590
   310    320    3.340    1.390    1.390
   311    319    4.560    2.600    1.940
   347    350    3.590    1.610    1.610
   345    347    3.120    1.220    1.220
   344    347    3.570    1.590    1.590
   344    350    2.850    1.010    1.010
   343    347    3.090    1.190    1.190
   342    349    3.970    1.970    1.970
   342    350    3.280    1.350    1.350
   380    381    3.560    1.580    1.580
   378    380    2.440    0.740    0.740
   377    380    3.430    1.470    1.470
   377    381    2.840    1.010    1.010
   374    380    3.720    1.730    1.730
   374    381    3.140    1.230    1.230
   375    380    4.400    2.420    2.100
   375    381    3.030    1.150    1.150
   411    415    3.430    1.470    1.470
   409    411    2.330    0.680    0.680
   409    415    3.330    1.390    1.390
   408    411    3.350    1.400    1.400
   408    415    2.620    0.860    0.860
   407    411    3.060    1.170    1.170
   407    415    3.520    1.550    1.550
   405    411    4.040    2.040    2.040
   405    415    2.820    1.000    1.000
   406    415    3.560    1.580    1.580
   443    447    3.320    1.380    1.380
   441    443    3.080    1.190    1.190
   441    439    2.880    1.040    1.040
   441    447    3.420    1.460    1.460
   439    443    4.050    2.050    2.050
   439    447    3.070    1.180    1.180
   438    443    2.830    1.000    1.000
   438    439    2.950    1.080    1.080
   436    439    3.480    1.510    1.510
   436    447    3.340    1.390    1.390
   437    439    3.010    1.130    1.130
#
    58     62    2.900    1.050    1.050
   310    320    3.710    1.720    1.720
#
#
# sequential
#
    27     62    2.980    1.110    1.110
    27     57    4.350    2.360    2.150
    27     63    3.800    1.800    1.800
    25     62    3.520    1.550    1.550
    25     56    2.980    1.110    1.110
    25     63    2.460    0.760    0.760
    24     63    3.430    1.470    1.470
    60     96    3.570    1.600    1.600
    60     97    2.340    0.690    0.690
    93    127    4.690    2.750    1.810
    91    127    2.130    0.570    0.570
   126    160    3.390    1.430    1.430
   130    160    3.560    1.580    1.580
   124    160    3.540    1.570    1.570
   124    161    2.390    0.720    0.720
   123    161    3.320    1.380    1.380
   158    191    3.480    1.520    1.520
   157    194    3.490    1.520    1.520
   155    194    3.760    1.770    1.770
   191    220    2.520    0.790    0.790
   191    224    3.060    1.170    1.170
   191    225    2.740    0.940    0.940
   187    224    2.740    0.940    0.940
   187    225    3.530    1.560    1.560
   185    224    4.790    2.870    1.710
   222    246    3.220    1.300    1.300
   222    247    3.120    1.220    1.220
   220    254    3.620    1.640    1.640
   220    255    3.480    1.510    1.510
   219    254    3.640    1.660    1.660
   219    255    3.180    1.260    1.260
   217    254    3.820    1.830    1.830
   248    285    3.470    1.500    1.500
   285    316    2.920    1.060    1.060
   285    319    3.620    1.640    1.640
   285    310    4.090    2.090    2.090
   285    320    2.600    0.840    0.840
   314    347    3.490    1.530    1.530
   314    349    3.240    1.320    1.320
   314    350    2.320    0.670    0.670
   313    349    3.380    1.430    1.430
   313    350    3.400    1.440    1.440
   319    349    2.750    0.950    0.950
   320    349    4.470    2.500    2.030
   347    380    3.650    1.670    1.670
   345    381    2.690    0.900    0.900
   343    381    3.480    1.510    1.510
   380    415    4.850    2.940    1.650
   378    411    2.780    0.970    0.970
   378    414    3.700    1.710    1.710
   378    415    2.370    0.700    0.700
   377    414    3.880    1.880    1.880
   377    415    3.220    1.300    1.300
   411    446    2.820    0.990    0.990
   409    443    3.830    1.840    1.840
   409    446    3.270    1.330    1.330
   409    447    2.200    0.610    0.610
   408    447    3.520    1.550    1.550
   414    446    3.770    1.770    1.770
#
#
# medium and long range
#
   191    254    3.630    1.640    1.640
   189    254    4.040    2.040    2.040
   130    380    3.400    1.440    1.440
#
#
# ambiguous
#
    59     96    3.490    1.530    1.530
   248    252    3.380    1.430    1.430
   157    161    2.560    0.820    0.820
   250    252    2.530    0.800    0.800
    90     97    2.520    0.790    0.790
   378    381    3.250    1.320    1.320
   437    447    2.700    0.910    0.910
#
# Residual Dipolar Couplings
#
   N/A    N/A    N/A    N/A      9     27    7.700    1.500
   N/A    N/A    N/A    N/A     44     62    6.600    1.500
   N/A    N/A    N/A    N/A     78     93    5.400    1.500
   N/A    N/A    N/A    N/A    109    126    10.500   1.500
   N/A    N/A    N/A    N/A    142    160    16.300   1.500
   N/A    N/A    N/A    N/A    176    191    12.900   1.500
   N/A    N/A    N/A    N/A    207    222    11.600   1.500
   N/A    N/A    N/A    N/A    267    285    11.200   1.500
   N/A    N/A    N/A    N/A    301    316    17.500   1.500
   N/A    N/A    N/A    N/A    332    347    6.000    1.500
   N/A    N/A    N/A    N/A    362    380    2.400    1.500
   N/A    N/A    N/A    N/A    396    411    13.100   1.500
   N/A    N/A    N/A    N/A    427    443    12.100   1.500
   N/A    N/A    N/A    N/A     11     28    8.800    1.500
   N/A    N/A    N/A    N/A     46     63    5.600    1.500
   N/A    N/A    N/A    N/A     86     97    7.200    1.500
   N/A    N/A    N/A    N/A    117    130    5.900    1.500
   N/A    N/A    N/A    N/A    111    127    9.600    1.500
   N/A    N/A    N/A    N/A    144    161    16.000   1.500
   N/A    N/A    N/A    N/A    215    225    8.800    1.500
   N/A    N/A    N/A    N/A    245    255    0.800    1.500
   N/A    N/A    N/A    N/A    269    286    5.200    1.500
   N/A    N/A    N/A    N/A    309    320    14.400   1.500
   N/A    N/A    N/A    N/A    340    350    14.400   1.500
   N/A    N/A    N/A    N/A    364    381    13.600   1.500
   N/A    N/A    N/A    N/A    404    415    8.000    1.500
   N/A    N/A    N/A    N/A     85     96    9.800    1.500
   N/A    N/A    N/A    N/A    183    194    8.500    1.500
   N/A    N/A    N/A    N/A    214    224    10.100   1.500
   N/A    N/A    N/A    N/A    244    254    2.600    1.500
   N/A    N/A    N/A    N/A    308    319    2.900    1.500
   N/A    N/A    N/A    N/A    339    349    6.800    1.500
   N/A    N/A    N/A    N/A    403    414    15.500   1.500
   N/A    N/A    N/A    N/A    434    446    5.200    1.500
   N/A    N/A    N/A    N/A     16     29    0.900    2.000
   N/A    N/A    N/A    N/A     51     64    6.200    2.000
   N/A    N/A    N/A    N/A    149    162    3.800    2.000
   N/A    N/A    N/A    N/A    336    348    5.800    2.000
   N/A    N/A    N/A    N/A    369    382    2.100    2.000
